LinkID	busid	Aid	Bid
1	1	1	41
2	1	41	81
3	1	81	121
4	1	121	161
5	1	161	201
6	1	201	241
7	1	241	281
8	1	281	321
9	1	321	361
10	1	361	401
11	1	401	441
12	1	441	481
13	1	481	521
14	1	521	561
15	1	561	601
16	1	601	641
17	1	641	681
18	1	681	721
19	1	721	761
20	1	761	801
21	1	801	841
22	1	841	881
23	1	881	921
24	1	921	961
25	2	961	921
26	2	921	881
27	2	881	841
28	2	841	801
29	2	801	761
30	2	761	721
31	2	721	681
32	2	681	641
33	2	641	601
34	2	601	561
35	2	561	521
36	2	521	481
37	2	481	441
38	2	441	401
39	2	401	361
40	2	361	321
41	2	321	281
42	2	281	241
43	2	241	201
44	2	201	161
45	2	161	121
46	2	121	81
47	2	81	41
48	2	41	1
49	3	2	42
50	3	42	82
51	3	82	122
52	3	122	162
53	3	162	202
54	3	202	242
55	3	242	282
56	3	282	322
57	3	322	362
58	3	362	402
59	3	402	442
60	3	442	482
61	3	482	522
62	3	522	562
63	3	562	602
64	3	602	642
65	3	642	682
66	3	682	722
67	3	722	762
68	3	762	802
69	3	802	842
70	3	842	882
71	3	882	922
72	3	922	962
73	4	962	922
74	4	922	882
75	4	882	842
76	4	842	802
77	4	802	762
78	4	762	722
79	4	722	682
80	4	682	642
81	4	642	602
82	4	602	562
83	4	562	522
84	4	522	482
85	4	482	442
86	4	442	402
87	4	402	362
88	4	362	322
89	4	322	282
90	4	282	242
91	4	242	202
92	4	202	162
93	4	162	122
94	4	122	82
95	4	82	42
96	4	42	2
97	5	3	43
98	5	43	83
99	5	83	123
100	5	123	163
101	5	163	203
102	5	203	243
103	5	243	283
104	5	283	323
105	5	323	363
106	5	363	403
107	5	403	443
108	5	443	483
109	5	483	523
110	5	523	563
111	5	563	603
112	5	603	643
113	5	643	683
114	5	683	723
115	5	723	763
116	5	763	803
117	5	803	843
118	5	843	883
119	5	883	923
120	5	923	963
121	6	963	923
122	6	923	883
123	6	883	843
124	6	843	803
125	6	803	763
126	6	763	723
127	6	723	683
128	6	683	643
129	6	643	603
130	6	603	563
131	6	563	523
132	6	523	483
133	6	483	443
134	6	443	403
135	6	403	363
136	6	363	323
137	6	323	283
138	6	283	243
139	6	243	203
140	6	203	163
141	6	163	123
142	6	123	83
143	6	83	43
144	6	43	3
145	7	4	44
146	7	44	84
147	7	84	124
148	7	124	164
149	7	164	204
150	7	204	244
151	7	244	284
152	7	284	324
153	7	324	364
154	7	364	404
155	7	404	444
156	7	444	484
157	7	484	524
158	7	524	564
159	7	564	604
160	7	604	644
161	7	644	684
162	7	684	724
163	7	724	764
164	7	764	804
165	7	804	844
166	7	844	884
167	7	884	924
168	7	924	964
169	8	964	924
170	8	924	884
171	8	884	844
172	8	844	804
173	8	804	764
174	8	764	724
175	8	724	684
176	8	684	644
177	8	644	604
178	8	604	564
179	8	564	524
180	8	524	484
181	8	484	444
182	8	444	404
183	8	404	364
184	8	364	324
185	8	324	284
186	8	284	244
187	8	244	204
188	8	204	164
189	8	164	124
190	8	124	84
191	8	84	44
192	8	44	4
193	9	5	45
194	9	45	85
195	9	85	125
196	9	125	165
197	9	165	205
198	9	205	245
199	9	245	285
200	9	285	325
201	9	325	365
202	9	365	405
203	9	405	445
204	9	445	485
205	9	485	525
206	9	525	565
207	9	565	605
208	9	605	645
209	9	645	685
210	9	685	725
211	9	725	765
212	9	765	805
213	9	805	845
214	9	845	885
215	9	885	925
216	9	925	965
217	10	965	925
218	10	925	885
219	10	885	845
220	10	845	805
221	10	805	765
222	10	765	725
223	10	725	685
224	10	685	645
225	10	645	605
226	10	605	565
227	10	565	525
228	10	525	485
229	10	485	445
230	10	445	405
231	10	405	365
232	10	365	325
233	10	325	285
234	10	285	245
235	10	245	205
236	10	205	165
237	10	165	125
238	10	125	85
239	10	85	45
240	10	45	5
241	11	6	46
242	11	46	86
243	11	86	126
244	11	126	166
245	11	166	206
246	11	206	246
247	11	246	286
248	11	286	326
249	11	326	366
250	11	366	406
251	11	406	446
252	11	446	486
253	11	486	526
254	11	526	566
255	11	566	606
256	11	606	646
257	11	646	686
258	11	686	726
259	11	726	766
260	11	766	806
261	11	806	846
262	11	846	886
263	11	886	926
264	11	926	966
265	12	966	926
266	12	926	886
267	12	886	846
268	12	846	806
269	12	806	766
270	12	766	726
271	12	726	686
272	12	686	646
273	12	646	606
274	12	606	566
275	12	566	526
276	12	526	486
277	12	486	446
278	12	446	406
279	12	406	366
280	12	366	326
281	12	326	286
282	12	286	246
283	12	246	206
284	12	206	166
285	12	166	126
286	12	126	86
287	12	86	46
288	12	46	6
289	13	7	47
290	13	47	87
291	13	87	127
292	13	127	167
293	13	167	207
294	13	207	247
295	13	247	287
296	13	287	327
297	13	327	367
298	13	367	407
299	13	407	447
300	13	447	487
301	13	487	527
302	13	527	567
303	13	567	607
304	13	607	647
305	13	647	687
306	13	687	727
307	13	727	767
308	13	767	807
309	13	807	847
310	13	847	887
311	13	887	927
312	13	927	967
313	14	967	927
314	14	927	887
315	14	887	847
316	14	847	807
317	14	807	767
318	14	767	727
319	14	727	687
320	14	687	647
321	14	647	607
322	14	607	567
323	14	567	527
324	14	527	487
325	14	487	447
326	14	447	407
327	14	407	367
328	14	367	327
329	14	327	287
330	14	287	247
331	14	247	207
332	14	207	167
333	14	167	127
334	14	127	87
335	14	87	47
336	14	47	7
337	15	8	48
338	15	48	88
339	15	88	128
340	15	128	168
341	15	168	208
342	15	208	248
343	15	248	288
344	15	288	328
345	15	328	368
346	15	368	408
347	15	408	448
348	15	448	488
349	15	488	528
350	15	528	568
351	15	568	608
352	15	608	648
353	15	648	688
354	15	688	728
355	15	728	768
356	15	768	808
357	15	808	848
358	15	848	888
359	15	888	928
360	15	928	968
361	16	968	928
362	16	928	888
363	16	888	848
364	16	848	808
365	16	808	768
366	16	768	728
367	16	728	688
368	16	688	648
369	16	648	608
370	16	608	568
371	16	568	528
372	16	528	488
373	16	488	448
374	16	448	408
375	16	408	368
376	16	368	328
377	16	328	288
378	16	288	248
379	16	248	208
380	16	208	168
381	16	168	128
382	16	128	88
383	16	88	48
384	16	48	8
385	17	9	49
386	17	49	89
387	17	89	129
388	17	129	169
389	17	169	209
390	17	209	249
391	17	249	289
392	17	289	329
393	17	329	369
394	17	369	409
395	17	409	449
396	17	449	489
397	17	489	529
398	17	529	569
399	17	569	609
400	17	609	649
401	17	649	689
402	17	689	729
403	17	729	769
404	17	769	809
405	17	809	849
406	17	849	889
407	17	889	929
408	17	929	969
409	18	969	929
410	18	929	889
411	18	889	849
412	18	849	809
413	18	809	769
414	18	769	729
415	18	729	689
416	18	689	649
417	18	649	609
418	18	609	569
419	18	569	529
420	18	529	489
421	18	489	449
422	18	449	409
423	18	409	369
424	18	369	329
425	18	329	289
426	18	289	249
427	18	249	209
428	18	209	169
429	18	169	129
430	18	129	89
431	18	89	49
432	18	49	9
433	19	10	50
434	19	50	90
435	19	90	130
436	19	130	170
437	19	170	210
438	19	210	250
439	19	250	290
440	19	290	330
441	19	330	370
442	19	370	410
443	19	410	450
444	19	450	490
445	19	490	530
446	19	530	570
447	19	570	610
448	19	610	650
449	19	650	690
450	19	690	730
451	19	730	770
452	19	770	810
453	19	810	850
454	19	850	890
455	19	890	930
456	19	930	970
457	20	970	930
458	20	930	890
459	20	890	850
460	20	850	810
461	20	810	770
462	20	770	730
463	20	730	690
464	20	690	650
465	20	650	610
466	20	610	570
467	20	570	530
468	20	530	490
469	20	490	450
470	20	450	410
471	20	410	370
472	20	370	330
473	20	330	290
474	20	290	250
475	20	250	210
476	20	210	170
477	20	170	130
478	20	130	90
479	20	90	50
480	20	50	10
481	21	11	51
482	21	51	91
483	21	91	131
484	21	131	171
485	21	171	211
486	21	211	251
487	21	251	291
488	21	291	331
489	21	331	371
490	21	371	411
491	21	411	451
492	21	451	491
493	21	491	531
494	21	531	571
495	21	571	611
496	21	611	651
497	21	651	691
498	21	691	731
499	21	731	771
500	21	771	811
501	21	811	851
502	21	851	891
503	21	891	931
504	21	931	971
505	22	971	931
506	22	931	891
507	22	891	851
508	22	851	811
509	22	811	771
510	22	771	731
511	22	731	691
512	22	691	651
513	22	651	611
514	22	611	571
515	22	571	531
516	22	531	491
517	22	491	451
518	22	451	411
519	22	411	371
520	22	371	331
521	22	331	291
522	22	291	251
523	22	251	211
524	22	211	171
525	22	171	131
526	22	131	91
527	22	91	51
528	22	51	11
529	23	12	52
530	23	52	92
531	23	92	132
532	23	132	172
533	23	172	212
534	23	212	252
535	23	252	292
536	23	292	332
537	23	332	372
538	23	372	412
539	23	412	452
540	23	452	492
541	23	492	532
542	23	532	572
543	23	572	612
544	23	612	652
545	23	652	692
546	23	692	732
547	23	732	772
548	23	772	812
549	23	812	852
550	23	852	892
551	23	892	932
552	23	932	972
553	24	972	932
554	24	932	892
555	24	892	852
556	24	852	812
557	24	812	772
558	24	772	732
559	24	732	692
560	24	692	652
561	24	652	612
562	24	612	572
563	24	572	532
564	24	532	492
565	24	492	452
566	24	452	412
567	24	412	372
568	24	372	332
569	24	332	292
570	24	292	252
571	24	252	212
572	24	212	172
573	24	172	132
574	24	132	92
575	24	92	52
576	24	52	12
577	25	13	53
578	25	53	93
579	25	93	133
580	25	133	173
581	25	173	213
582	25	213	253
583	25	253	293
584	25	293	333
585	25	333	373
586	25	373	413
587	25	413	453
588	25	453	493
589	25	493	533
590	25	533	573
591	25	573	613
592	25	613	653
593	25	653	693
594	25	693	733
595	25	733	773
596	25	773	813
597	25	813	853
598	25	853	893
599	25	893	933
600	25	933	973
601	26	973	933
602	26	933	893
603	26	893	853
604	26	853	813
605	26	813	773
606	26	773	733
607	26	733	693
608	26	693	653
609	26	653	613
610	26	613	573
611	26	573	533
612	26	533	493
613	26	493	453
614	26	453	413
615	26	413	373
616	26	373	333
617	26	333	293
618	26	293	253
619	26	253	213
620	26	213	173
621	26	173	133
622	26	133	93
623	26	93	53
624	26	53	13
625	27	14	54
626	27	54	94
627	27	94	134
628	27	134	174
629	27	174	214
630	27	214	254
631	27	254	294
632	27	294	334
633	27	334	374
634	27	374	414
635	27	414	454
636	27	454	494
637	27	494	534
638	27	534	574
639	27	574	614
640	27	614	654
641	27	654	694
642	27	694	734
643	27	734	774
644	27	774	814
645	27	814	854
646	27	854	894
647	27	894	934
648	27	934	974
649	28	974	934
650	28	934	894
651	28	894	854
652	28	854	814
653	28	814	774
654	28	774	734
655	28	734	694
656	28	694	654
657	28	654	614
658	28	614	574
659	28	574	534
660	28	534	494
661	28	494	454
662	28	454	414
663	28	414	374
664	28	374	334
665	28	334	294
666	28	294	254
667	28	254	214
668	28	214	174
669	28	174	134
670	28	134	94
671	28	94	54
672	28	54	14
673	29	15	55
674	29	55	95
675	29	95	135
676	29	135	175
677	29	175	215
678	29	215	255
679	29	255	295
680	29	295	335
681	29	335	375
682	29	375	415
683	29	415	455
684	29	455	495
685	29	495	535
686	29	535	575
687	29	575	615
688	29	615	655
689	29	655	695
690	29	695	735
691	29	735	775
692	29	775	815
693	29	815	855
694	29	855	895
695	29	895	935
696	29	935	975
697	30	975	935
698	30	935	895
699	30	895	855
700	30	855	815
701	30	815	775
702	30	775	735
703	30	735	695
704	30	695	655
705	30	655	615
706	30	615	575
707	30	575	535
708	30	535	495
709	30	495	455
710	30	455	415
711	30	415	375
712	30	375	335
713	30	335	295
714	30	295	255
715	30	255	215
716	30	215	175
717	30	175	135
718	30	135	95
719	30	95	55
720	30	55	15
721	31	16	56
722	31	56	96
723	31	96	136
724	31	136	176
725	31	176	216
726	31	216	256
727	31	256	296
728	31	296	336
729	31	336	376
730	31	376	416
731	31	416	456
732	31	456	496
733	31	496	536
734	31	536	576
735	31	576	616
736	31	616	656
737	31	656	696
738	31	696	736
739	31	736	776
740	31	776	816
741	31	816	856
742	31	856	896
743	31	896	936
744	31	936	976
745	32	976	936
746	32	936	896
747	32	896	856
748	32	856	816
749	32	816	776
750	32	776	736
751	32	736	696
752	32	696	656
753	32	656	616
754	32	616	576
755	32	576	536
756	32	536	496
757	32	496	456
758	32	456	416
759	32	416	376
760	32	376	336
761	32	336	296
762	32	296	256
763	32	256	216
764	32	216	176
765	32	176	136
766	32	136	96
767	32	96	56
768	32	56	16
769	33	17	57
770	33	57	97
771	33	97	137
772	33	137	177
773	33	177	217
774	33	217	257
775	33	257	297
776	33	297	337
777	33	337	377
778	33	377	417
779	33	417	457
780	33	457	497
781	33	497	537
782	33	537	577
783	33	577	617
784	33	617	657
785	33	657	697
786	33	697	737
787	33	737	777
788	33	777	817
789	33	817	857
790	33	857	897
791	33	897	937
792	33	937	977
793	34	977	937
794	34	937	897
795	34	897	857
796	34	857	817
797	34	817	777
798	34	777	737
799	34	737	697
800	34	697	657
801	34	657	617
802	34	617	577
803	34	577	537
804	34	537	497
805	34	497	457
806	34	457	417
807	34	417	377
808	34	377	337
809	34	337	297
810	34	297	257
811	34	257	217
812	34	217	177
813	34	177	137
814	34	137	97
815	34	97	57
816	34	57	17
817	35	18	58
818	35	58	98
819	35	98	138
820	35	138	178
821	35	178	218
822	35	218	258
823	35	258	298
824	35	298	338
825	35	338	378
826	35	378	418
827	35	418	458
828	35	458	498
829	35	498	538
830	35	538	578
831	35	578	618
832	35	618	658
833	35	658	698
834	35	698	738
835	35	738	778
836	35	778	818
837	35	818	858
838	35	858	898
839	35	898	938
840	35	938	978
841	36	978	938
842	36	938	898
843	36	898	858
844	36	858	818
845	36	818	778
846	36	778	738
847	36	738	698
848	36	698	658
849	36	658	618
850	36	618	578
851	36	578	538
852	36	538	498
853	36	498	458
854	36	458	418
855	36	418	378
856	36	378	338
857	36	338	298
858	36	298	258
859	36	258	218
860	36	218	178
861	36	178	138
862	36	138	98
863	36	98	58
864	36	58	18
865	37	19	59
866	37	59	99
867	37	99	139
868	37	139	179
869	37	179	219
870	37	219	259
871	37	259	299
872	37	299	339
873	37	339	379
874	37	379	419
875	37	419	459
876	37	459	499
877	37	499	539
878	37	539	579
879	37	579	619
880	37	619	659
881	37	659	699
882	37	699	739
883	37	739	779
884	37	779	819
885	37	819	859
886	37	859	899
887	37	899	939
888	37	939	979
889	38	979	939
890	38	939	899
891	38	899	859
892	38	859	819
893	38	819	779
894	38	779	739
895	38	739	699
896	38	699	659
897	38	659	619
898	38	619	579
899	38	579	539
900	38	539	499
901	38	499	459
902	38	459	419
903	38	419	379
904	38	379	339
905	38	339	299
906	38	299	259
907	38	259	219
908	38	219	179
909	38	179	139
910	38	139	99
911	38	99	59
912	38	59	19
913	39	20	60
914	39	60	100
915	39	100	140
916	39	140	180
917	39	180	220
918	39	220	260
919	39	260	300
920	39	300	340
921	39	340	380
922	39	380	420
923	39	420	460
924	39	460	500
925	39	500	540
926	39	540	580
927	39	580	620
928	39	620	660
929	39	660	700
930	39	700	740
931	39	740	780
932	39	780	820
933	39	820	860
934	39	860	900
935	39	900	940
936	39	940	980
937	40	980	940
938	40	940	900
939	40	900	860
940	40	860	820
941	40	820	780
942	40	780	740
943	40	740	700
944	40	700	660
945	40	660	620
946	40	620	580
947	40	580	540
948	40	540	500
949	40	500	460
950	40	460	420
951	40	420	380
952	40	380	340
953	40	340	300
954	40	300	260
955	40	260	220
956	40	220	180
957	40	180	140
958	40	140	100
959	40	100	60
960	40	60	20
961	41	21	61
962	41	61	101
963	41	101	141
964	41	141	181
965	41	181	221
966	41	221	261
967	41	261	301
968	41	301	341
969	41	341	381
970	41	381	421
971	41	421	461
972	41	461	501
973	41	501	541
974	41	541	581
975	41	581	621
976	41	621	661
977	41	661	701
978	41	701	741
979	41	741	781
980	41	781	821
981	41	821	861
982	41	861	901
983	41	901	941
984	41	941	981
985	42	981	941
986	42	941	901
987	42	901	861
988	42	861	821
989	42	821	781
990	42	781	741
991	42	741	701
992	42	701	661
993	42	661	621
994	42	621	581
995	42	581	541
996	42	541	501
997	42	501	461
998	42	461	421
999	42	421	381
1000	42	381	341
1001	42	341	301
1002	42	301	261
1003	42	261	221
1004	42	221	181
1005	42	181	141
1006	42	141	101
1007	42	101	61
1008	42	61	21
1009	43	22	62
1010	43	62	102
1011	43	102	142
1012	43	142	182
1013	43	182	222
1014	43	222	262
1015	43	262	302
1016	43	302	342
1017	43	342	382
1018	43	382	422
1019	43	422	462
1020	43	462	502
1021	43	502	542
1022	43	542	582
1023	43	582	622
1024	43	622	662
1025	43	662	702
1026	43	702	742
1027	43	742	782
1028	43	782	822
1029	43	822	862
1030	43	862	902
1031	43	902	942
1032	43	942	982
1033	44	982	942
1034	44	942	902
1035	44	902	862
1036	44	862	822
1037	44	822	782
1038	44	782	742
1039	44	742	702
1040	44	702	662
1041	44	662	622
1042	44	622	582
1043	44	582	542
1044	44	542	502
1045	44	502	462
1046	44	462	422
1047	44	422	382
1048	44	382	342
1049	44	342	302
1050	44	302	262
1051	44	262	222
1052	44	222	182
1053	44	182	142
1054	44	142	102
1055	44	102	62
1056	44	62	22
1057	45	23	63
1058	45	63	103
1059	45	103	143
1060	45	143	183
1061	45	183	223
1062	45	223	263
1063	45	263	303
1064	45	303	343
1065	45	343	383
1066	45	383	423
1067	45	423	463
1068	45	463	503
1069	45	503	543
1070	45	543	583
1071	45	583	623
1072	45	623	663
1073	45	663	703
1074	45	703	743
1075	45	743	783
1076	45	783	823
1077	45	823	863
1078	45	863	903
1079	45	903	943
1080	45	943	983
1081	46	983	943
1082	46	943	903
1083	46	903	863
1084	46	863	823
1085	46	823	783
1086	46	783	743
1087	46	743	703
1088	46	703	663
1089	46	663	623
1090	46	623	583
1091	46	583	543
1092	46	543	503
1093	46	503	463
1094	46	463	423
1095	46	423	383
1096	46	383	343
1097	46	343	303
1098	46	303	263
1099	46	263	223
1100	46	223	183
1101	46	183	143
1102	46	143	103
1103	46	103	63
1104	46	63	23
1105	47	24	64
1106	47	64	104
1107	47	104	144
1108	47	144	184
1109	47	184	224
1110	47	224	264
1111	47	264	304
1112	47	304	344
1113	47	344	384
1114	47	384	424
1115	47	424	464
1116	47	464	504
1117	47	504	544
1118	47	544	584
1119	47	584	624
1120	47	624	664
1121	47	664	704
1122	47	704	744
1123	47	744	784
1124	47	784	824
1125	47	824	864
1126	47	864	904
1127	47	904	944
1128	47	944	984
1129	48	984	944
1130	48	944	904
1131	48	904	864
1132	48	864	824
1133	48	824	784
1134	48	784	744
1135	48	744	704
1136	48	704	664
1137	48	664	624
1138	48	624	584
1139	48	584	544
1140	48	544	504
1141	48	504	464
1142	48	464	424
1143	48	424	384
1144	48	384	344
1145	48	344	304
1146	48	304	264
1147	48	264	224
1148	48	224	184
1149	48	184	144
1150	48	144	104
1151	48	104	64
1152	48	64	24
1153	49	25	65
1154	49	65	105
1155	49	105	145
1156	49	145	185
1157	49	185	225
1158	49	225	265
1159	49	265	305
1160	49	305	345
1161	49	345	385
1162	49	385	425
1163	49	425	465
1164	49	465	505
1165	49	505	545
1166	49	545	585
1167	49	585	625
1168	49	625	665
1169	49	665	705
1170	49	705	745
1171	49	745	785
1172	49	785	825
1173	49	825	865
1174	49	865	905
1175	49	905	945
1176	49	945	985
1177	50	985	945
1178	50	945	905
1179	50	905	865
1180	50	865	825
1181	50	825	785
1182	50	785	745
1183	50	745	705
1184	50	705	665
1185	50	665	625
1186	50	625	585
1187	50	585	545
1188	50	545	505
1189	50	505	465
1190	50	465	425
1191	50	425	385
1192	50	385	345
1193	50	345	305
1194	50	305	265
1195	50	265	225
1196	50	225	185
1197	50	185	145
1198	50	145	105
1199	50	105	65
1200	50	65	25
1201	51	26	66
1202	51	66	106
1203	51	106	146
1204	51	146	186
1205	51	186	226
1206	51	226	266
1207	51	266	306
1208	51	306	346
1209	51	346	386
1210	51	386	426
1211	51	426	466
1212	51	466	506
1213	51	506	546
1214	51	546	586
1215	51	586	626
1216	51	626	666
1217	51	666	706
1218	51	706	746
1219	51	746	786
1220	51	786	826
1221	51	826	866
1222	51	866	906
1223	51	906	946
1224	51	946	986
1225	52	986	946
1226	52	946	906
1227	52	906	866
1228	52	866	826
1229	52	826	786
1230	52	786	746
1231	52	746	706
1232	52	706	666
1233	52	666	626
1234	52	626	586
1235	52	586	546
1236	52	546	506
1237	52	506	466
1238	52	466	426
1239	52	426	386
1240	52	386	346
1241	52	346	306
1242	52	306	266
1243	52	266	226
1244	52	226	186
1245	52	186	146
1246	52	146	106
1247	52	106	66
1248	52	66	26
1249	53	27	67
1250	53	67	107
1251	53	107	147
1252	53	147	187
1253	53	187	227
1254	53	227	267
1255	53	267	307
1256	53	307	347
1257	53	347	387
1258	53	387	427
1259	53	427	467
1260	53	467	507
1261	53	507	547
1262	53	547	587
1263	53	587	627
1264	53	627	667
1265	53	667	707
1266	53	707	747
1267	53	747	787
1268	53	787	827
1269	53	827	867
1270	53	867	907
1271	53	907	947
1272	53	947	987
1273	54	987	947
1274	54	947	907
1275	54	907	867
1276	54	867	827
1277	54	827	787
1278	54	787	747
1279	54	747	707
1280	54	707	667
1281	54	667	627
1282	54	627	587
1283	54	587	547
1284	54	547	507
1285	54	507	467
1286	54	467	427
1287	54	427	387
1288	54	387	347
1289	54	347	307
1290	54	307	267
1291	54	267	227
1292	54	227	187
1293	54	187	147
1294	54	147	107
1295	54	107	67
1296	54	67	27
1297	55	28	68
1298	55	68	108
1299	55	108	148
1300	55	148	188
1301	55	188	228
1302	55	228	268
1303	55	268	308
1304	55	308	348
1305	55	348	388
1306	55	388	428
1307	55	428	468
1308	55	468	508
1309	55	508	548
1310	55	548	588
1311	55	588	628
1312	55	628	668
1313	55	668	708
1314	55	708	748
1315	55	748	788
1316	55	788	828
1317	55	828	868
1318	55	868	908
1319	55	908	948
1320	55	948	988
1321	56	988	948
1322	56	948	908
1323	56	908	868
1324	56	868	828
1325	56	828	788
1326	56	788	748
1327	56	748	708
1328	56	708	668
1329	56	668	628
1330	56	628	588
1331	56	588	548
1332	56	548	508
1333	56	508	468
1334	56	468	428
1335	56	428	388
1336	56	388	348
1337	56	348	308
1338	56	308	268
1339	56	268	228
1340	56	228	188
1341	56	188	148
1342	56	148	108
1343	56	108	68
1344	56	68	28
1345	57	29	69
1346	57	69	109
1347	57	109	149
1348	57	149	189
1349	57	189	229
1350	57	229	269
1351	57	269	309
1352	57	309	349
1353	57	349	389
1354	57	389	429
1355	57	429	469
1356	57	469	509
1357	57	509	549
1358	57	549	589
1359	57	589	629
1360	57	629	669
1361	57	669	709
1362	57	709	749
1363	57	749	789
1364	57	789	829
1365	57	829	869
1366	57	869	909
1367	57	909	949
1368	57	949	989
1369	58	989	949
1370	58	949	909
1371	58	909	869
1372	58	869	829
1373	58	829	789
1374	58	789	749
1375	58	749	709
1376	58	709	669
1377	58	669	629
1378	58	629	589
1379	58	589	549
1380	58	549	509
1381	58	509	469
1382	58	469	429
1383	58	429	389
1384	58	389	349
1385	58	349	309
1386	58	309	269
1387	58	269	229
1388	58	229	189
1389	58	189	149
1390	58	149	109
1391	58	109	69
1392	58	69	29
1393	59	30	70
1394	59	70	110
1395	59	110	150
1396	59	150	190
1397	59	190	230
1398	59	230	270
1399	59	270	310
1400	59	310	350
1401	59	350	390
1402	59	390	430
1403	59	430	470
1404	59	470	510
1405	59	510	550
1406	59	550	590
1407	59	590	630
1408	59	630	670
1409	59	670	710
1410	59	710	750
1411	59	750	790
1412	59	790	830
1413	59	830	870
1414	59	870	910
1415	59	910	950
1416	59	950	990
1417	60	990	950
1418	60	950	910
1419	60	910	870
1420	60	870	830
1421	60	830	790
1422	60	790	750
1423	60	750	710
1424	60	710	670
1425	60	670	630
1426	60	630	590
1427	60	590	550
1428	60	550	510
1429	60	510	470
1430	60	470	430
1431	60	430	390
1432	60	390	350
1433	60	350	310
1434	60	310	270
1435	60	270	230
1436	60	230	190
1437	60	190	150
1438	60	150	110
1439	60	110	70
1440	60	70	30
1441	61	31	71
1442	61	71	111
1443	61	111	151
1444	61	151	191
1445	61	191	231
1446	61	231	271
1447	61	271	311
1448	61	311	351
1449	61	351	391
1450	61	391	431
1451	61	431	471
1452	61	471	511
1453	61	511	551
1454	61	551	591
1455	61	591	631
1456	61	631	671
1457	61	671	711
1458	61	711	751
1459	61	751	791
1460	61	791	831
1461	61	831	871
1462	61	871	911
1463	61	911	951
1464	61	951	991
1465	62	991	951
1466	62	951	911
1467	62	911	871
1468	62	871	831
1469	62	831	791
1470	62	791	751
1471	62	751	711
1472	62	711	671
1473	62	671	631
1474	62	631	591
1475	62	591	551
1476	62	551	511
1477	62	511	471
1478	62	471	431
1479	62	431	391
1480	62	391	351
1481	62	351	311
1482	62	311	271
1483	62	271	231
1484	62	231	191
1485	62	191	151
1486	62	151	111
1487	62	111	71
1488	62	71	31
1489	63	32	72
1490	63	72	112
1491	63	112	152
1492	63	152	192
1493	63	192	232
1494	63	232	272
1495	63	272	312
1496	63	312	352
1497	63	352	392
1498	63	392	432
1499	63	432	472
1500	63	472	512
1501	63	512	552
1502	63	552	592
1503	63	592	632
1504	63	632	672
1505	63	672	712
1506	63	712	752
1507	63	752	792
1508	63	792	832
1509	63	832	872
1510	63	872	912
1511	63	912	952
1512	63	952	992
1513	64	992	952
1514	64	952	912
1515	64	912	872
1516	64	872	832
1517	64	832	792
1518	64	792	752
1519	64	752	712
1520	64	712	672
1521	64	672	632
1522	64	632	592
1523	64	592	552
1524	64	552	512
1525	64	512	472
1526	64	472	432
1527	64	432	392
1528	64	392	352
1529	64	352	312
1530	64	312	272
1531	64	272	232
1532	64	232	192
1533	64	192	152
1534	64	152	112
1535	64	112	72
1536	64	72	32
1537	65	33	73
1538	65	73	113
1539	65	113	153
1540	65	153	193
1541	65	193	233
1542	65	233	273
1543	65	273	313
1544	65	313	353
1545	65	353	393
1546	65	393	433
1547	65	433	473
1548	65	473	513
1549	65	513	553
1550	65	553	593
1551	65	593	633
1552	65	633	673
1553	65	673	713
1554	65	713	753
1555	65	753	793
1556	65	793	833
1557	65	833	873
1558	65	873	913
1559	65	913	953
1560	65	953	993
1561	66	993	953
1562	66	953	913
1563	66	913	873
1564	66	873	833
1565	66	833	793
1566	66	793	753
1567	66	753	713
1568	66	713	673
1569	66	673	633
1570	66	633	593
1571	66	593	553
1572	66	553	513
1573	66	513	473
1574	66	473	433
1575	66	433	393
1576	66	393	353
1577	66	353	313
1578	66	313	273
1579	66	273	233
1580	66	233	193
1581	66	193	153
1582	66	153	113
1583	66	113	73
1584	66	73	33
1585	67	34	74
1586	67	74	114
1587	67	114	154
1588	67	154	194
1589	67	194	234
1590	67	234	274
1591	67	274	314
1592	67	314	354
1593	67	354	394
1594	67	394	434
1595	67	434	474
1596	67	474	514
1597	67	514	554
1598	67	554	594
1599	67	594	634
1600	67	634	674
1601	67	674	714
1602	67	714	754
1603	67	754	794
1604	67	794	834
1605	67	834	874
1606	67	874	914
1607	67	914	954
1608	67	954	994
1609	68	994	954
1610	68	954	914
1611	68	914	874
1612	68	874	834
1613	68	834	794
1614	68	794	754
1615	68	754	714
1616	68	714	674
1617	68	674	634
1618	68	634	594
1619	68	594	554
1620	68	554	514
1621	68	514	474
1622	68	474	434
1623	68	434	394
1624	68	394	354
1625	68	354	314
1626	68	314	274
1627	68	274	234
1628	68	234	194
1629	68	194	154
1630	68	154	114
1631	68	114	74
1632	68	74	34
1633	69	35	75
1634	69	75	115
1635	69	115	155
1636	69	155	195
1637	69	195	235
1638	69	235	275
1639	69	275	315
1640	69	315	355
1641	69	355	395
1642	69	395	435
1643	69	435	475
1644	69	475	515
1645	69	515	555
1646	69	555	595
1647	69	595	635
1648	69	635	675
1649	69	675	715
1650	69	715	755
1651	69	755	795
1652	69	795	835
1653	69	835	875
1654	69	875	915
1655	69	915	955
1656	69	955	995
1657	70	995	955
1658	70	955	915
1659	70	915	875
1660	70	875	835
1661	70	835	795
1662	70	795	755
1663	70	755	715
1664	70	715	675
1665	70	675	635
1666	70	635	595
1667	70	595	555
1668	70	555	515
1669	70	515	475
1670	70	475	435
1671	70	435	395
1672	70	395	355
1673	70	355	315
1674	70	315	275
1675	70	275	235
1676	70	235	195
1677	70	195	155
1678	70	155	115
1679	70	115	75
1680	70	75	35
1681	71	36	76
1682	71	76	116
1683	71	116	156
1684	71	156	196
1685	71	196	236
1686	71	236	276
1687	71	276	316
1688	71	316	356
1689	71	356	396
1690	71	396	436
1691	71	436	476
1692	71	476	516
1693	71	516	556
1694	71	556	596
1695	71	596	636
1696	71	636	676
1697	71	676	716
1698	71	716	756
1699	71	756	796
1700	71	796	836
1701	71	836	876
1702	71	876	916
1703	71	916	956
1704	71	956	996
1705	72	996	956
1706	72	956	916
1707	72	916	876
1708	72	876	836
1709	72	836	796
1710	72	796	756
1711	72	756	716
1712	72	716	676
1713	72	676	636
1714	72	636	596
1715	72	596	556
1716	72	556	516
1717	72	516	476
1718	72	476	436
1719	72	436	396
1720	72	396	356
1721	72	356	316
1722	72	316	276
1723	72	276	236
1724	72	236	196
1725	72	196	156
1726	72	156	116
1727	72	116	76
1728	72	76	36
1729	73	37	77
1730	73	77	117
1731	73	117	157
1732	73	157	197
1733	73	197	237
1734	73	237	277
1735	73	277	317
1736	73	317	357
1737	73	357	397
1738	73	397	437
1739	73	437	477
1740	73	477	517
1741	73	517	557
1742	73	557	597
1743	73	597	637
1744	73	637	677
1745	73	677	717
1746	73	717	757
1747	73	757	797
1748	73	797	837
1749	73	837	877
1750	73	877	917
1751	73	917	957
1752	73	957	997
1753	74	997	957
1754	74	957	917
1755	74	917	877
1756	74	877	837
1757	74	837	797
1758	74	797	757
1759	74	757	717
1760	74	717	677
1761	74	677	637
1762	74	637	597
1763	74	597	557
1764	74	557	517
1765	74	517	477
1766	74	477	437
1767	74	437	397
1768	74	397	357
1769	74	357	317
1770	74	317	277
1771	74	277	237
1772	74	237	197
1773	74	197	157
1774	74	157	117
1775	74	117	77
1776	74	77	37
1777	75	38	78
1778	75	78	118
1779	75	118	158
1780	75	158	198
1781	75	198	238
1782	75	238	278
1783	75	278	318
1784	75	318	358
1785	75	358	398
1786	75	398	438
1787	75	438	478
1788	75	478	518
1789	75	518	558
1790	75	558	598
1791	75	598	638
1792	75	638	678
1793	75	678	718
1794	75	718	758
1795	75	758	798
1796	75	798	838
1797	75	838	878
1798	75	878	918
1799	75	918	958
1800	75	958	998
1801	76	998	958
1802	76	958	918
1803	76	918	878
1804	76	878	838
1805	76	838	798
1806	76	798	758
1807	76	758	718
1808	76	718	678
1809	76	678	638
1810	76	638	598
1811	76	598	558
1812	76	558	518
1813	76	518	478
1814	76	478	438
1815	76	438	398
1816	76	398	358
1817	76	358	318
1818	76	318	278
1819	76	278	238
1820	76	238	198
1821	76	198	158
1822	76	158	118
1823	76	118	78
1824	76	78	38
1825	77	39	79
1826	77	79	119
1827	77	119	159
1828	77	159	199
1829	77	199	239
1830	77	239	279
1831	77	279	319
1832	77	319	359
1833	77	359	399
1834	77	399	439
1835	77	439	479
1836	77	479	519
1837	77	519	559
1838	77	559	599
1839	77	599	639
1840	77	639	679
1841	77	679	719
1842	77	719	759
1843	77	759	799
1844	77	799	839
1845	77	839	879
1846	77	879	919
1847	77	919	959
1848	77	959	999
1849	78	999	959
1850	78	959	919
1851	78	919	879
1852	78	879	839
1853	78	839	799
1854	78	799	759
1855	78	759	719
1856	78	719	679
1857	78	679	639
1858	78	639	599
1859	78	599	559
1860	78	559	519
1861	78	519	479
1862	78	479	439
1863	78	439	399
1864	78	399	359
1865	78	359	319
1866	78	319	279
1867	78	279	239
1868	78	239	199
1869	78	199	159
1870	78	159	119
1871	78	119	79
1872	78	79	39
1873	79	40	80
1874	79	80	120
1875	79	120	160
1876	79	160	200
1877	79	200	240
1878	79	240	280
1879	79	280	320
1880	79	320	360
1881	79	360	400
1882	79	400	440
1883	79	440	480
1884	79	480	520
1885	79	520	560
1886	79	560	600
1887	79	600	640
1888	79	640	680
1889	79	680	720
1890	79	720	760
1891	79	760	800
1892	79	800	840
1893	79	840	880
1894	79	880	920
1895	79	920	960
1896	79	960	1000
1897	80	1000	960
1898	80	960	920
1899	80	920	880
1900	80	880	840
1901	80	840	800
1902	80	800	760
1903	80	760	720
1904	80	720	680
1905	80	680	640
1906	80	640	600
1907	80	600	560
1908	80	560	520
1909	80	520	480
1910	80	480	440
1911	80	440	400
1912	80	400	360
1913	80	360	320
1914	80	320	280
1915	80	280	240
1916	80	240	200
1917	80	200	160
1918	80	160	120
1919	80	120	80
1920	80	80	40
1921	81	1	2
1922	81	2	3
1923	81	3	4
1924	81	4	5
1925	81	5	6
1926	81	6	7
1927	81	7	8
1928	81	8	9
1929	81	9	10
1930	81	10	11
1931	81	11	12
1932	81	12	13
1933	81	13	14
1934	81	14	15
1935	81	15	16
1936	81	16	17
1937	81	17	18
1938	81	18	19
1939	81	19	20
1940	81	20	21
1941	81	21	22
1942	81	22	23
1943	81	23	24
1944	81	24	25
1945	81	25	26
1946	81	26	27
1947	81	27	28
1948	81	28	29
1949	81	29	30
1950	81	30	31
1951	81	31	32
1952	81	32	33
1953	81	33	34
1954	81	34	35
1955	81	35	36
1956	81	36	37
1957	81	37	38
1958	81	38	39
1959	81	39	40
1960	82	40	39
1961	82	39	38
1962	82	38	37
1963	82	37	36
1964	82	36	35
1965	82	35	34
1966	82	34	33
1967	82	33	32
1968	82	32	31
1969	82	31	30
1970	82	30	29
1971	82	29	28
1972	82	28	27
1973	82	27	26
1974	82	26	25
1975	82	25	24
1976	82	24	23
1977	82	23	22
1978	82	22	21
1979	82	21	20
1980	82	20	19
1981	82	19	18
1982	82	18	17
1983	82	17	16
1984	82	16	15
1985	82	15	14
1986	82	14	13
1987	82	13	12
1988	82	12	11
1989	82	11	10
1990	82	10	9
1991	82	9	8
1992	82	8	7
1993	82	7	6
1994	82	6	5
1995	82	5	4
1996	82	4	3
1997	82	3	2
1998	82	2	1
1999	83	41	42
2000	83	42	43
2001	83	43	44
2002	83	44	45
2003	83	45	46
2004	83	46	47
2005	83	47	48
2006	83	48	49
2007	83	49	50
2008	83	50	51
2009	83	51	52
2010	83	52	53
2011	83	53	54
2012	83	54	55
2013	83	55	56
2014	83	56	57
2015	83	57	58
2016	83	58	59
2017	83	59	60
2018	83	60	61
2019	83	61	62
2020	83	62	63
2021	83	63	64
2022	83	64	65
2023	83	65	66
2024	83	66	67
2025	83	67	68
2026	83	68	69
2027	83	69	70
2028	83	70	71
2029	83	71	72
2030	83	72	73
2031	83	73	74
2032	83	74	75
2033	83	75	76
2034	83	76	77
2035	83	77	78
2036	83	78	79
2037	83	79	80
2038	84	80	79
2039	84	79	78
2040	84	78	77
2041	84	77	76
2042	84	76	75
2043	84	75	74
2044	84	74	73
2045	84	73	72
2046	84	72	71
2047	84	71	70
2048	84	70	69
2049	84	69	68
2050	84	68	67
2051	84	67	66
2052	84	66	65
2053	84	65	64
2054	84	64	63
2055	84	63	62
2056	84	62	61
2057	84	61	60
2058	84	60	59
2059	84	59	58
2060	84	58	57
2061	84	57	56
2062	84	56	55
2063	84	55	54
2064	84	54	53
2065	84	53	52
2066	84	52	51
2067	84	51	50
2068	84	50	49
2069	84	49	48
2070	84	48	47
2071	84	47	46
2072	84	46	45
2073	84	45	44
2074	84	44	43
2075	84	43	42
2076	84	42	41
2077	85	81	82
2078	85	82	83
2079	85	83	84
2080	85	84	85
2081	85	85	86
2082	85	86	87
2083	85	87	88
2084	85	88	89
2085	85	89	90
2086	85	90	91
2087	85	91	92
2088	85	92	93
2089	85	93	94
2090	85	94	95
2091	85	95	96
2092	85	96	97
2093	85	97	98
2094	85	98	99
2095	85	99	100
2096	85	100	101
2097	85	101	102
2098	85	102	103
2099	85	103	104
2100	85	104	105
2101	85	105	106
2102	85	106	107
2103	85	107	108
2104	85	108	109
2105	85	109	110
2106	85	110	111
2107	85	111	112
2108	85	112	113
2109	85	113	114
2110	85	114	115
2111	85	115	116
2112	85	116	117
2113	85	117	118
2114	85	118	119
2115	85	119	120
2116	86	120	119
2117	86	119	118
2118	86	118	117
2119	86	117	116
2120	86	116	115
2121	86	115	114
2122	86	114	113
2123	86	113	112
2124	86	112	111
2125	86	111	110
2126	86	110	109
2127	86	109	108
2128	86	108	107
2129	86	107	106
2130	86	106	105
2131	86	105	104
2132	86	104	103
2133	86	103	102
2134	86	102	101
2135	86	101	100
2136	86	100	99
2137	86	99	98
2138	86	98	97
2139	86	97	96
2140	86	96	95
2141	86	95	94
2142	86	94	93
2143	86	93	92
2144	86	92	91
2145	86	91	90
2146	86	90	89
2147	86	89	88
2148	86	88	87
2149	86	87	86
2150	86	86	85
2151	86	85	84
2152	86	84	83
2153	86	83	82
2154	86	82	81
2155	87	121	122
2156	87	122	123
2157	87	123	124
2158	87	124	125
2159	87	125	126
2160	87	126	127
2161	87	127	128
2162	87	128	129
2163	87	129	130
2164	87	130	131
2165	87	131	132
2166	87	132	133
2167	87	133	134
2168	87	134	135
2169	87	135	136
2170	87	136	137
2171	87	137	138
2172	87	138	139
2173	87	139	140
2174	87	140	141
2175	87	141	142
2176	87	142	143
2177	87	143	144
2178	87	144	145
2179	87	145	146
2180	87	146	147
2181	87	147	148
2182	87	148	149
2183	87	149	150
2184	87	150	151
2185	87	151	152
2186	87	152	153
2187	87	153	154
2188	87	154	155
2189	87	155	156
2190	87	156	157
2191	87	157	158
2192	87	158	159
2193	87	159	160
2194	88	160	159
2195	88	159	158
2196	88	158	157
2197	88	157	156
2198	88	156	155
2199	88	155	154
2200	88	154	153
2201	88	153	152
2202	88	152	151
2203	88	151	150
2204	88	150	149
2205	88	149	148
2206	88	148	147
2207	88	147	146
2208	88	146	145
2209	88	145	144
2210	88	144	143
2211	88	143	142
2212	88	142	141
2213	88	141	140
2214	88	140	139
2215	88	139	138
2216	88	138	137
2217	88	137	136
2218	88	136	135
2219	88	135	134
2220	88	134	133
2221	88	133	132
2222	88	132	131
2223	88	131	130
2224	88	130	129
2225	88	129	128
2226	88	128	127
2227	88	127	126
2228	88	126	125
2229	88	125	124
2230	88	124	123
2231	88	123	122
2232	88	122	121
2233	89	161	162
2234	89	162	163
2235	89	163	164
2236	89	164	165
2237	89	165	166
2238	89	166	167
2239	89	167	168
2240	89	168	169
2241	89	169	170
2242	89	170	171
2243	89	171	172
2244	89	172	173
2245	89	173	174
2246	89	174	175
2247	89	175	176
2248	89	176	177
2249	89	177	178
2250	89	178	179
2251	89	179	180
2252	89	180	181
2253	89	181	182
2254	89	182	183
2255	89	183	184
2256	89	184	185
2257	89	185	186
2258	89	186	187
2259	89	187	188
2260	89	188	189
2261	89	189	190
2262	89	190	191
2263	89	191	192
2264	89	192	193
2265	89	193	194
2266	89	194	195
2267	89	195	196
2268	89	196	197
2269	89	197	198
2270	89	198	199
2271	89	199	200
2272	90	200	199
2273	90	199	198
2274	90	198	197
2275	90	197	196
2276	90	196	195
2277	90	195	194
2278	90	194	193
2279	90	193	192
2280	90	192	191
2281	90	191	190
2282	90	190	189
2283	90	189	188
2284	90	188	187
2285	90	187	186
2286	90	186	185
2287	90	185	184
2288	90	184	183
2289	90	183	182
2290	90	182	181
2291	90	181	180
2292	90	180	179
2293	90	179	178
2294	90	178	177
2295	90	177	176
2296	90	176	175
2297	90	175	174
2298	90	174	173
2299	90	173	172
2300	90	172	171
2301	90	171	170
2302	90	170	169
2303	90	169	168
2304	90	168	167
2305	90	167	166
2306	90	166	165
2307	90	165	164
2308	90	164	163
2309	90	163	162
2310	90	162	161
2311	91	201	202
2312	91	202	203
2313	91	203	204
2314	91	204	205
2315	91	205	206
2316	91	206	207
2317	91	207	208
2318	91	208	209
2319	91	209	210
2320	91	210	211
2321	91	211	212
2322	91	212	213
2323	91	213	214
2324	91	214	215
2325	91	215	216
2326	91	216	217
2327	91	217	218
2328	91	218	219
2329	91	219	220
2330	91	220	221
2331	91	221	222
2332	91	222	223
2333	91	223	224
2334	91	224	225
2335	91	225	226
2336	91	226	227
2337	91	227	228
2338	91	228	229
2339	91	229	230
2340	91	230	231
2341	91	231	232
2342	91	232	233
2343	91	233	234
2344	91	234	235
2345	91	235	236
2346	91	236	237
2347	91	237	238
2348	91	238	239
2349	91	239	240
2350	92	240	239
2351	92	239	238
2352	92	238	237
2353	92	237	236
2354	92	236	235
2355	92	235	234
2356	92	234	233
2357	92	233	232
2358	92	232	231
2359	92	231	230
2360	92	230	229
2361	92	229	228
2362	92	228	227
2363	92	227	226
2364	92	226	225
2365	92	225	224
2366	92	224	223
2367	92	223	222
2368	92	222	221
2369	92	221	220
2370	92	220	219
2371	92	219	218
2372	92	218	217
2373	92	217	216
2374	92	216	215
2375	92	215	214
2376	92	214	213
2377	92	213	212
2378	92	212	211
2379	92	211	210
2380	92	210	209
2381	92	209	208
2382	92	208	207
2383	92	207	206
2384	92	206	205
2385	92	205	204
2386	92	204	203
2387	92	203	202
2388	92	202	201
2389	93	241	242
2390	93	242	243
2391	93	243	244
2392	93	244	245
2393	93	245	246
2394	93	246	247
2395	93	247	248
2396	93	248	249
2397	93	249	250
2398	93	250	251
2399	93	251	252
2400	93	252	253
2401	93	253	254
2402	93	254	255
2403	93	255	256
2404	93	256	257
2405	93	257	258
2406	93	258	259
2407	93	259	260
2408	93	260	261
2409	93	261	262
2410	93	262	263
2411	93	263	264
2412	93	264	265
2413	93	265	266
2414	93	266	267
2415	93	267	268
2416	93	268	269
2417	93	269	270
2418	93	270	271
2419	93	271	272
2420	93	272	273
2421	93	273	274
2422	93	274	275
2423	93	275	276
2424	93	276	277
2425	93	277	278
2426	93	278	279
2427	93	279	280
2428	94	280	279
2429	94	279	278
2430	94	278	277
2431	94	277	276
2432	94	276	275
2433	94	275	274
2434	94	274	273
2435	94	273	272
2436	94	272	271
2437	94	271	270
2438	94	270	269
2439	94	269	268
2440	94	268	267
2441	94	267	266
2442	94	266	265
2443	94	265	264
2444	94	264	263
2445	94	263	262
2446	94	262	261
2447	94	261	260
2448	94	260	259
2449	94	259	258
2450	94	258	257
2451	94	257	256
2452	94	256	255
2453	94	255	254
2454	94	254	253
2455	94	253	252
2456	94	252	251
2457	94	251	250
2458	94	250	249
2459	94	249	248
2460	94	248	247
2461	94	247	246
2462	94	246	245
2463	94	245	244
2464	94	244	243
2465	94	243	242
2466	94	242	241
2467	95	281	282
2468	95	282	283
2469	95	283	284
2470	95	284	285
2471	95	285	286
2472	95	286	287
2473	95	287	288
2474	95	288	289
2475	95	289	290
2476	95	290	291
2477	95	291	292
2478	95	292	293
2479	95	293	294
2480	95	294	295
2481	95	295	296
2482	95	296	297
2483	95	297	298
2484	95	298	299
2485	95	299	300
2486	95	300	301
2487	95	301	302
2488	95	302	303
2489	95	303	304
2490	95	304	305
2491	95	305	306
2492	95	306	307
2493	95	307	308
2494	95	308	309
2495	95	309	310
2496	95	310	311
2497	95	311	312
2498	95	312	313
2499	95	313	314
2500	95	314	315
2501	95	315	316
2502	95	316	317
2503	95	317	318
2504	95	318	319
2505	95	319	320
2506	96	320	319
2507	96	319	318
2508	96	318	317
2509	96	317	316
2510	96	316	315
2511	96	315	314
2512	96	314	313
2513	96	313	312
2514	96	312	311
2515	96	311	310
2516	96	310	309
2517	96	309	308
2518	96	308	307
2519	96	307	306
2520	96	306	305
2521	96	305	304
2522	96	304	303
2523	96	303	302
2524	96	302	301
2525	96	301	300
2526	96	300	299
2527	96	299	298
2528	96	298	297
2529	96	297	296
2530	96	296	295
2531	96	295	294
2532	96	294	293
2533	96	293	292
2534	96	292	291
2535	96	291	290
2536	96	290	289
2537	96	289	288
2538	96	288	287
2539	96	287	286
2540	96	286	285
2541	96	285	284
2542	96	284	283
2543	96	283	282
2544	96	282	281
2545	97	321	322
2546	97	322	323
2547	97	323	324
2548	97	324	325
2549	97	325	326
2550	97	326	327
2551	97	327	328
2552	97	328	329
2553	97	329	330
2554	97	330	331
2555	97	331	332
2556	97	332	333
2557	97	333	334
2558	97	334	335
2559	97	335	336
2560	97	336	337
2561	97	337	338
2562	97	338	339
2563	97	339	340
2564	97	340	341
2565	97	341	342
2566	97	342	343
2567	97	343	344
2568	97	344	345
2569	97	345	346
2570	97	346	347
2571	97	347	348
2572	97	348	349
2573	97	349	350
2574	97	350	351
2575	97	351	352
2576	97	352	353
2577	97	353	354
2578	97	354	355
2579	97	355	356
2580	97	356	357
2581	97	357	358
2582	97	358	359
2583	97	359	360
2584	98	360	359
2585	98	359	358
2586	98	358	357
2587	98	357	356
2588	98	356	355
2589	98	355	354
2590	98	354	353
2591	98	353	352
2592	98	352	351
2593	98	351	350
2594	98	350	349
2595	98	349	348
2596	98	348	347
2597	98	347	346
2598	98	346	345
2599	98	345	344
2600	98	344	343
2601	98	343	342
2602	98	342	341
2603	98	341	340
2604	98	340	339
2605	98	339	338
2606	98	338	337
2607	98	337	336
2608	98	336	335
2609	98	335	334
2610	98	334	333
2611	98	333	332
2612	98	332	331
2613	98	331	330
2614	98	330	329
2615	98	329	328
2616	98	328	327
2617	98	327	326
2618	98	326	325
2619	98	325	324
2620	98	324	323
2621	98	323	322
2622	98	322	321
2623	99	361	362
2624	99	362	363
2625	99	363	364
2626	99	364	365
2627	99	365	366
2628	99	366	367
2629	99	367	368
2630	99	368	369
2631	99	369	370
2632	99	370	371
2633	99	371	372
2634	99	372	373
2635	99	373	374
2636	99	374	375
2637	99	375	376
2638	99	376	377
2639	99	377	378
2640	99	378	379
2641	99	379	380
2642	99	380	381
2643	99	381	382
2644	99	382	383
2645	99	383	384
2646	99	384	385
2647	99	385	386
2648	99	386	387
2649	99	387	388
2650	99	388	389
2651	99	389	390
2652	99	390	391
2653	99	391	392
2654	99	392	393
2655	99	393	394
2656	99	394	395
2657	99	395	396
2658	99	396	397
2659	99	397	398
2660	99	398	399
2661	99	399	400
2662	100	400	399
2663	100	399	398
2664	100	398	397
2665	100	397	396
2666	100	396	395
2667	100	395	394
2668	100	394	393
2669	100	393	392
2670	100	392	391
2671	100	391	390
2672	100	390	389
2673	100	389	388
2674	100	388	387
2675	100	387	386
2676	100	386	385
2677	100	385	384
2678	100	384	383
2679	100	383	382
2680	100	382	381
2681	100	381	380
2682	100	380	379
2683	100	379	378
2684	100	378	377
2685	100	377	376
2686	100	376	375
2687	100	375	374
2688	100	374	373
2689	100	373	372
2690	100	372	371
2691	100	371	370
2692	100	370	369
2693	100	369	368
2694	100	368	367
2695	100	367	366
2696	100	366	365
2697	100	365	364
2698	100	364	363
2699	100	363	362
2700	100	362	361
2701	101	401	402
2702	101	402	403
2703	101	403	404
2704	101	404	405
2705	101	405	406
2706	101	406	407
2707	101	407	408
2708	101	408	409
2709	101	409	410
2710	101	410	411
2711	101	411	412
2712	101	412	413
2713	101	413	414
2714	101	414	415
2715	101	415	416
2716	101	416	417
2717	101	417	418
2718	101	418	419
2719	101	419	420
2720	101	420	421
2721	101	421	422
2722	101	422	423
2723	101	423	424
2724	101	424	425
2725	101	425	426
2726	101	426	427
2727	101	427	428
2728	101	428	429
2729	101	429	430
2730	101	430	431
2731	101	431	432
2732	101	432	433
2733	101	433	434
2734	101	434	435
2735	101	435	436
2736	101	436	437
2737	101	437	438
2738	101	438	439
2739	101	439	440
2740	102	440	439
2741	102	439	438
2742	102	438	437
2743	102	437	436
2744	102	436	435
2745	102	435	434
2746	102	434	433
2747	102	433	432
2748	102	432	431
2749	102	431	430
2750	102	430	429
2751	102	429	428
2752	102	428	427
2753	102	427	426
2754	102	426	425
2755	102	425	424
2756	102	424	423
2757	102	423	422
2758	102	422	421
2759	102	421	420
2760	102	420	419
2761	102	419	418
2762	102	418	417
2763	102	417	416
2764	102	416	415
2765	102	415	414
2766	102	414	413
2767	102	413	412
2768	102	412	411
2769	102	411	410
2770	102	410	409
2771	102	409	408
2772	102	408	407
2773	102	407	406
2774	102	406	405
2775	102	405	404
2776	102	404	403
2777	102	403	402
2778	102	402	401
2779	103	441	442
2780	103	442	443
2781	103	443	444
2782	103	444	445
2783	103	445	446
2784	103	446	447
2785	103	447	448
2786	103	448	449
2787	103	449	450
2788	103	450	451
2789	103	451	452
2790	103	452	453
2791	103	453	454
2792	103	454	455
2793	103	455	456
2794	103	456	457
2795	103	457	458
2796	103	458	459
2797	103	459	460
2798	103	460	461
2799	103	461	462
2800	103	462	463
2801	103	463	464
2802	103	464	465
2803	103	465	466
2804	103	466	467
2805	103	467	468
2806	103	468	469
2807	103	469	470
2808	103	470	471
2809	103	471	472
2810	103	472	473
2811	103	473	474
2812	103	474	475
2813	103	475	476
2814	103	476	477
2815	103	477	478
2816	103	478	479
2817	103	479	480
2818	104	480	479
2819	104	479	478
2820	104	478	477
2821	104	477	476
2822	104	476	475
2823	104	475	474
2824	104	474	473
2825	104	473	472
2826	104	472	471
2827	104	471	470
2828	104	470	469
2829	104	469	468
2830	104	468	467
2831	104	467	466
2832	104	466	465
2833	104	465	464
2834	104	464	463
2835	104	463	462
2836	104	462	461
2837	104	461	460
2838	104	460	459
2839	104	459	458
2840	104	458	457
2841	104	457	456
2842	104	456	455
2843	104	455	454
2844	104	454	453
2845	104	453	452
2846	104	452	451
2847	104	451	450
2848	104	450	449
2849	104	449	448
2850	104	448	447
2851	104	447	446
2852	104	446	445
2853	104	445	444
2854	104	444	443
2855	104	443	442
2856	104	442	441
2857	105	481	482
2858	105	482	483
2859	105	483	484
2860	105	484	485
2861	105	485	486
2862	105	486	487
2863	105	487	488
2864	105	488	489
2865	105	489	490
2866	105	490	491
2867	105	491	492
2868	105	492	493
2869	105	493	494
2870	105	494	495
2871	105	495	496
2872	105	496	497
2873	105	497	498
2874	105	498	499
2875	105	499	500
2876	105	500	501
2877	105	501	502
2878	105	502	503
2879	105	503	504
2880	105	504	505
2881	105	505	506
2882	105	506	507
2883	105	507	508
2884	105	508	509
2885	105	509	510
2886	105	510	511
2887	105	511	512
2888	105	512	513
2889	105	513	514
2890	105	514	515
2891	105	515	516
2892	105	516	517
2893	105	517	518
2894	105	518	519
2895	105	519	520
2896	106	520	519
2897	106	519	518
2898	106	518	517
2899	106	517	516
2900	106	516	515
2901	106	515	514
2902	106	514	513
2903	106	513	512
2904	106	512	511
2905	106	511	510
2906	106	510	509
2907	106	509	508
2908	106	508	507
2909	106	507	506
2910	106	506	505
2911	106	505	504
2912	106	504	503
2913	106	503	502
2914	106	502	501
2915	106	501	500
2916	106	500	499
2917	106	499	498
2918	106	498	497
2919	106	497	496
2920	106	496	495
2921	106	495	494
2922	106	494	493
2923	106	493	492
2924	106	492	491
2925	106	491	490
2926	106	490	489
2927	106	489	488
2928	106	488	487
2929	106	487	486
2930	106	486	485
2931	106	485	484
2932	106	484	483
2933	106	483	482
2934	106	482	481
2935	107	521	522
2936	107	522	523
2937	107	523	524
2938	107	524	525
2939	107	525	526
2940	107	526	527
2941	107	527	528
2942	107	528	529
2943	107	529	530
2944	107	530	531
2945	107	531	532
2946	107	532	533
2947	107	533	534
2948	107	534	535
2949	107	535	536
2950	107	536	537
2951	107	537	538
2952	107	538	539
2953	107	539	540
2954	107	540	541
2955	107	541	542
2956	107	542	543
2957	107	543	544
2958	107	544	545
2959	107	545	546
2960	107	546	547
2961	107	547	548
2962	107	548	549
2963	107	549	550
2964	107	550	551
2965	107	551	552
2966	107	552	553
2967	107	553	554
2968	107	554	555
2969	107	555	556
2970	107	556	557
2971	107	557	558
2972	107	558	559
2973	107	559	560
2974	108	560	559
2975	108	559	558
2976	108	558	557
2977	108	557	556
2978	108	556	555
2979	108	555	554
2980	108	554	553
2981	108	553	552
2982	108	552	551
2983	108	551	550
2984	108	550	549
2985	108	549	548
2986	108	548	547
2987	108	547	546
2988	108	546	545
2989	108	545	544
2990	108	544	543
2991	108	543	542
2992	108	542	541
2993	108	541	540
2994	108	540	539
2995	108	539	538
2996	108	538	537
2997	108	537	536
2998	108	536	535
2999	108	535	534
3000	108	534	533
3001	108	533	532
3002	108	532	531
3003	108	531	530
3004	108	530	529
3005	108	529	528
3006	108	528	527
3007	108	527	526
3008	108	526	525
3009	108	525	524
3010	108	524	523
3011	108	523	522
3012	108	522	521
3013	109	561	562
3014	109	562	563
3015	109	563	564
3016	109	564	565
3017	109	565	566
3018	109	566	567
3019	109	567	568
3020	109	568	569
3021	109	569	570
3022	109	570	571
3023	109	571	572
3024	109	572	573
3025	109	573	574
3026	109	574	575
3027	109	575	576
3028	109	576	577
3029	109	577	578
3030	109	578	579
3031	109	579	580
3032	109	580	581
3033	109	581	582
3034	109	582	583
3035	109	583	584
3036	109	584	585
3037	109	585	586
3038	109	586	587
3039	109	587	588
3040	109	588	589
3041	109	589	590
3042	109	590	591
3043	109	591	592
3044	109	592	593
3045	109	593	594
3046	109	594	595
3047	109	595	596
3048	109	596	597
3049	109	597	598
3050	109	598	599
3051	109	599	600
3052	110	600	599
3053	110	599	598
3054	110	598	597
3055	110	597	596
3056	110	596	595
3057	110	595	594
3058	110	594	593
3059	110	593	592
3060	110	592	591
3061	110	591	590
3062	110	590	589
3063	110	589	588
3064	110	588	587
3065	110	587	586
3066	110	586	585
3067	110	585	584
3068	110	584	583
3069	110	583	582
3070	110	582	581
3071	110	581	580
3072	110	580	579
3073	110	579	578
3074	110	578	577
3075	110	577	576
3076	110	576	575
3077	110	575	574
3078	110	574	573
3079	110	573	572
3080	110	572	571
3081	110	571	570
3082	110	570	569
3083	110	569	568
3084	110	568	567
3085	110	567	566
3086	110	566	565
3087	110	565	564
3088	110	564	563
3089	110	563	562
3090	110	562	561
3091	111	601	602
3092	111	602	603
3093	111	603	604
3094	111	604	605
3095	111	605	606
3096	111	606	607
3097	111	607	608
3098	111	608	609
3099	111	609	610
3100	111	610	611
3101	111	611	612
3102	111	612	613
3103	111	613	614
3104	111	614	615
3105	111	615	616
3106	111	616	617
3107	111	617	618
3108	111	618	619
3109	111	619	620
3110	111	620	621
3111	111	621	622
3112	111	622	623
3113	111	623	624
3114	111	624	625
3115	111	625	626
3116	111	626	627
3117	111	627	628
3118	111	628	629
3119	111	629	630
3120	111	630	631
3121	111	631	632
3122	111	632	633
3123	111	633	634
3124	111	634	635
3125	111	635	636
3126	111	636	637
3127	111	637	638
3128	111	638	639
3129	111	639	640
3130	112	640	639
3131	112	639	638
3132	112	638	637
3133	112	637	636
3134	112	636	635
3135	112	635	634
3136	112	634	633
3137	112	633	632
3138	112	632	631
3139	112	631	630
3140	112	630	629
3141	112	629	628
3142	112	628	627
3143	112	627	626
3144	112	626	625
3145	112	625	624
3146	112	624	623
3147	112	623	622
3148	112	622	621
3149	112	621	620
3150	112	620	619
3151	112	619	618
3152	112	618	617
3153	112	617	616
3154	112	616	615
3155	112	615	614
3156	112	614	613
3157	112	613	612
3158	112	612	611
3159	112	611	610
3160	112	610	609
3161	112	609	608
3162	112	608	607
3163	112	607	606
3164	112	606	605
3165	112	605	604
3166	112	604	603
3167	112	603	602
3168	112	602	601
3169	113	641	642
3170	113	642	643
3171	113	643	644
3172	113	644	645
3173	113	645	646
3174	113	646	647
3175	113	647	648
3176	113	648	649
3177	113	649	650
3178	113	650	651
3179	113	651	652
3180	113	652	653
3181	113	653	654
3182	113	654	655
3183	113	655	656
3184	113	656	657
3185	113	657	658
3186	113	658	659
3187	113	659	660
3188	113	660	661
3189	113	661	662
3190	113	662	663
3191	113	663	664
3192	113	664	665
3193	113	665	666
3194	113	666	667
3195	113	667	668
3196	113	668	669
3197	113	669	670
3198	113	670	671
3199	113	671	672
3200	113	672	673
3201	113	673	674
3202	113	674	675
3203	113	675	676
3204	113	676	677
3205	113	677	678
3206	113	678	679
3207	113	679	680
3208	114	680	679
3209	114	679	678
3210	114	678	677
3211	114	677	676
3212	114	676	675
3213	114	675	674
3214	114	674	673
3215	114	673	672
3216	114	672	671
3217	114	671	670
3218	114	670	669
3219	114	669	668
3220	114	668	667
3221	114	667	666
3222	114	666	665
3223	114	665	664
3224	114	664	663
3225	114	663	662
3226	114	662	661
3227	114	661	660
3228	114	660	659
3229	114	659	658
3230	114	658	657
3231	114	657	656
3232	114	656	655
3233	114	655	654
3234	114	654	653
3235	114	653	652
3236	114	652	651
3237	114	651	650
3238	114	650	649
3239	114	649	648
3240	114	648	647
3241	114	647	646
3242	114	646	645
3243	114	645	644
3244	114	644	643
3245	114	643	642
3246	114	642	641
3247	115	681	682
3248	115	682	683
3249	115	683	684
3250	115	684	685
3251	115	685	686
3252	115	686	687
3253	115	687	688
3254	115	688	689
3255	115	689	690
3256	115	690	691
3257	115	691	692
3258	115	692	693
3259	115	693	694
3260	115	694	695
3261	115	695	696
3262	115	696	697
3263	115	697	698
3264	115	698	699
3265	115	699	700
3266	115	700	701
3267	115	701	702
3268	115	702	703
3269	115	703	704
3270	115	704	705
3271	115	705	706
3272	115	706	707
3273	115	707	708
3274	115	708	709
3275	115	709	710
3276	115	710	711
3277	115	711	712
3278	115	712	713
3279	115	713	714
3280	115	714	715
3281	115	715	716
3282	115	716	717
3283	115	717	718
3284	115	718	719
3285	115	719	720
3286	116	720	719
3287	116	719	718
3288	116	718	717
3289	116	717	716
3290	116	716	715
3291	116	715	714
3292	116	714	713
3293	116	713	712
3294	116	712	711
3295	116	711	710
3296	116	710	709
3297	116	709	708
3298	116	708	707
3299	116	707	706
3300	116	706	705
3301	116	705	704
3302	116	704	703
3303	116	703	702
3304	116	702	701
3305	116	701	700
3306	116	700	699
3307	116	699	698
3308	116	698	697
3309	116	697	696
3310	116	696	695
3311	116	695	694
3312	116	694	693
3313	116	693	692
3314	116	692	691
3315	116	691	690
3316	116	690	689
3317	116	689	688
3318	116	688	687
3319	116	687	686
3320	116	686	685
3321	116	685	684
3322	116	684	683
3323	116	683	682
3324	116	682	681
3325	117	721	722
3326	117	722	723
3327	117	723	724
3328	117	724	725
3329	117	725	726
3330	117	726	727
3331	117	727	728
3332	117	728	729
3333	117	729	730
3334	117	730	731
3335	117	731	732
3336	117	732	733
3337	117	733	734
3338	117	734	735
3339	117	735	736
3340	117	736	737
3341	117	737	738
3342	117	738	739
3343	117	739	740
3344	117	740	741
3345	117	741	742
3346	117	742	743
3347	117	743	744
3348	117	744	745
3349	117	745	746
3350	117	746	747
3351	117	747	748
3352	117	748	749
3353	117	749	750
3354	117	750	751
3355	117	751	752
3356	117	752	753
3357	117	753	754
3358	117	754	755
3359	117	755	756
3360	117	756	757
3361	117	757	758
3362	117	758	759
3363	117	759	760
3364	118	760	759
3365	118	759	758
3366	118	758	757
3367	118	757	756
3368	118	756	755
3369	118	755	754
3370	118	754	753
3371	118	753	752
3372	118	752	751
3373	118	751	750
3374	118	750	749
3375	118	749	748
3376	118	748	747
3377	118	747	746
3378	118	746	745
3379	118	745	744
3380	118	744	743
3381	118	743	742
3382	118	742	741
3383	118	741	740
3384	118	740	739
3385	118	739	738
3386	118	738	737
3387	118	737	736
3388	118	736	735
3389	118	735	734
3390	118	734	733
3391	118	733	732
3392	118	732	731
3393	118	731	730
3394	118	730	729
3395	118	729	728
3396	118	728	727
3397	118	727	726
3398	118	726	725
3399	118	725	724
3400	118	724	723
3401	118	723	722
3402	118	722	721
3403	119	761	762
3404	119	762	763
3405	119	763	764
3406	119	764	765
3407	119	765	766
3408	119	766	767
3409	119	767	768
3410	119	768	769
3411	119	769	770
3412	119	770	771
3413	119	771	772
3414	119	772	773
3415	119	773	774
3416	119	774	775
3417	119	775	776
3418	119	776	777
3419	119	777	778
3420	119	778	779
3421	119	779	780
3422	119	780	781
3423	119	781	782
3424	119	782	783
3425	119	783	784
3426	119	784	785
3427	119	785	786
3428	119	786	787
3429	119	787	788
3430	119	788	789
3431	119	789	790
3432	119	790	791
3433	119	791	792
3434	119	792	793
3435	119	793	794
3436	119	794	795
3437	119	795	796
3438	119	796	797
3439	119	797	798
3440	119	798	799
3441	119	799	800
3442	120	800	799
3443	120	799	798
3444	120	798	797
3445	120	797	796
3446	120	796	795
3447	120	795	794
3448	120	794	793
3449	120	793	792
3450	120	792	791
3451	120	791	790
3452	120	790	789
3453	120	789	788
3454	120	788	787
3455	120	787	786
3456	120	786	785
3457	120	785	784
3458	120	784	783
3459	120	783	782
3460	120	782	781
3461	120	781	780
3462	120	780	779
3463	120	779	778
3464	120	778	777
3465	120	777	776
3466	120	776	775
3467	120	775	774
3468	120	774	773
3469	120	773	772
3470	120	772	771
3471	120	771	770
3472	120	770	769
3473	120	769	768
3474	120	768	767
3475	120	767	766
3476	120	766	765
3477	120	765	764
3478	120	764	763
3479	120	763	762
3480	120	762	761
3481	121	801	802
3482	121	802	803
3483	121	803	804
3484	121	804	805
3485	121	805	806
3486	121	806	807
3487	121	807	808
3488	121	808	809
3489	121	809	810
3490	121	810	811
3491	121	811	812
3492	121	812	813
3493	121	813	814
3494	121	814	815
3495	121	815	816
3496	121	816	817
3497	121	817	818
3498	121	818	819
3499	121	819	820
3500	121	820	821
3501	121	821	822
3502	121	822	823
3503	121	823	824
3504	121	824	825
3505	121	825	826
3506	121	826	827
3507	121	827	828
3508	121	828	829
3509	121	829	830
3510	121	830	831
3511	121	831	832
3512	121	832	833
3513	121	833	834
3514	121	834	835
3515	121	835	836
3516	121	836	837
3517	121	837	838
3518	121	838	839
3519	121	839	840
3520	122	840	839
3521	122	839	838
3522	122	838	837
3523	122	837	836
3524	122	836	835
3525	122	835	834
3526	122	834	833
3527	122	833	832
3528	122	832	831
3529	122	831	830
3530	122	830	829
3531	122	829	828
3532	122	828	827
3533	122	827	826
3534	122	826	825
3535	122	825	824
3536	122	824	823
3537	122	823	822
3538	122	822	821
3539	122	821	820
3540	122	820	819
3541	122	819	818
3542	122	818	817
3543	122	817	816
3544	122	816	815
3545	122	815	814
3546	122	814	813
3547	122	813	812
3548	122	812	811
3549	122	811	810
3550	122	810	809
3551	122	809	808
3552	122	808	807
3553	122	807	806
3554	122	806	805
3555	122	805	804
3556	122	804	803
3557	122	803	802
3558	122	802	801
3559	123	841	842
3560	123	842	843
3561	123	843	844
3562	123	844	845
3563	123	845	846
3564	123	846	847
3565	123	847	848
3566	123	848	849
3567	123	849	850
3568	123	850	851
3569	123	851	852
3570	123	852	853
3571	123	853	854
3572	123	854	855
3573	123	855	856
3574	123	856	857
3575	123	857	858
3576	123	858	859
3577	123	859	860
3578	123	860	861
3579	123	861	862
3580	123	862	863
3581	123	863	864
3582	123	864	865
3583	123	865	866
3584	123	866	867
3585	123	867	868
3586	123	868	869
3587	123	869	870
3588	123	870	871
3589	123	871	872
3590	123	872	873
3591	123	873	874
3592	123	874	875
3593	123	875	876
3594	123	876	877
3595	123	877	878
3596	123	878	879
3597	123	879	880
3598	124	880	879
3599	124	879	878
3600	124	878	877
3601	124	877	876
3602	124	876	875
3603	124	875	874
3604	124	874	873
3605	124	873	872
3606	124	872	871
3607	124	871	870
3608	124	870	869
3609	124	869	868
3610	124	868	867
3611	124	867	866
3612	124	866	865
3613	124	865	864
3614	124	864	863
3615	124	863	862
3616	124	862	861
3617	124	861	860
3618	124	860	859
3619	124	859	858
3620	124	858	857
3621	124	857	856
3622	124	856	855
3623	124	855	854
3624	124	854	853
3625	124	853	852
3626	124	852	851
3627	124	851	850
3628	124	850	849
3629	124	849	848
3630	124	848	847
3631	124	847	846
3632	124	846	845
3633	124	845	844
3634	124	844	843
3635	124	843	842
3636	124	842	841
3637	125	881	882
3638	125	882	883
3639	125	883	884
3640	125	884	885
3641	125	885	886
3642	125	886	887
3643	125	887	888
3644	125	888	889
3645	125	889	890
3646	125	890	891
3647	125	891	892
3648	125	892	893
3649	125	893	894
3650	125	894	895
3651	125	895	896
3652	125	896	897
3653	125	897	898
3654	125	898	899
3655	125	899	900
3656	125	900	901
3657	125	901	902
3658	125	902	903
3659	125	903	904
3660	125	904	905
3661	125	905	906
3662	125	906	907
3663	125	907	908
3664	125	908	909
3665	125	909	910
3666	125	910	911
3667	125	911	912
3668	125	912	913
3669	125	913	914
3670	125	914	915
3671	125	915	916
3672	125	916	917
3673	125	917	918
3674	125	918	919
3675	125	919	920
3676	126	920	919
3677	126	919	918
3678	126	918	917
3679	126	917	916
3680	126	916	915
3681	126	915	914
3682	126	914	913
3683	126	913	912
3684	126	912	911
3685	126	911	910
3686	126	910	909
3687	126	909	908
3688	126	908	907
3689	126	907	906
3690	126	906	905
3691	126	905	904
3692	126	904	903
3693	126	903	902
3694	126	902	901
3695	126	901	900
3696	126	900	899
3697	126	899	898
3698	126	898	897
3699	126	897	896
3700	126	896	895
3701	126	895	894
3702	126	894	893
3703	126	893	892
3704	126	892	891
3705	126	891	890
3706	126	890	889
3707	126	889	888
3708	126	888	887
3709	126	887	886
3710	126	886	885
3711	126	885	884
3712	126	884	883
3713	126	883	882
3714	126	882	881
3715	127	921	922
3716	127	922	923
3717	127	923	924
3718	127	924	925
3719	127	925	926
3720	127	926	927
3721	127	927	928
3722	127	928	929
3723	127	929	930
3724	127	930	931
3725	127	931	932
3726	127	932	933
3727	127	933	934
3728	127	934	935
3729	127	935	936
3730	127	936	937
3731	127	937	938
3732	127	938	939
3733	127	939	940
3734	127	940	941
3735	127	941	942
3736	127	942	943
3737	127	943	944
3738	127	944	945
3739	127	945	946
3740	127	946	947
3741	127	947	948
3742	127	948	949
3743	127	949	950
3744	127	950	951
3745	127	951	952
3746	127	952	953
3747	127	953	954
3748	127	954	955
3749	127	955	956
3750	127	956	957
3751	127	957	958
3752	127	958	959
3753	127	959	960
3754	128	960	959
3755	128	959	958
3756	128	958	957
3757	128	957	956
3758	128	956	955
3759	128	955	954
3760	128	954	953
3761	128	953	952
3762	128	952	951
3763	128	951	950
3764	128	950	949
3765	128	949	948
3766	128	948	947
3767	128	947	946
3768	128	946	945
3769	128	945	944
3770	128	944	943
3771	128	943	942
3772	128	942	941
3773	128	941	940
3774	128	940	939
3775	128	939	938
3776	128	938	937
3777	128	937	936
3778	128	936	935
3779	128	935	934
3780	128	934	933
3781	128	933	932
3782	128	932	931
3783	128	931	930
3784	128	930	929
3785	128	929	928
3786	128	928	927
3787	128	927	926
3788	128	926	925
3789	128	925	924
3790	128	924	923
3791	128	923	922
3792	128	922	921
3793	129	961	962
3794	129	962	963
3795	129	963	964
3796	129	964	965
3797	129	965	966
3798	129	966	967
3799	129	967	968
3800	129	968	969
3801	129	969	970
3802	129	970	971
3803	129	971	972
3804	129	972	973
3805	129	973	974
3806	129	974	975
3807	129	975	976
3808	129	976	977
3809	129	977	978
3810	129	978	979
3811	129	979	980
3812	129	980	981
3813	129	981	982
3814	129	982	983
3815	129	983	984
3816	129	984	985
3817	129	985	986
3818	129	986	987
3819	129	987	988
3820	129	988	989
3821	129	989	990
3822	129	990	991
3823	129	991	992
3824	129	992	993
3825	129	993	994
3826	129	994	995
3827	129	995	996
3828	129	996	997
3829	129	997	998
3830	129	998	999
3831	129	999	1000
3832	130	1000	999
3833	130	999	998
3834	130	998	997
3835	130	997	996
3836	130	996	995
3837	130	995	994
3838	130	994	993
3839	130	993	992
3840	130	992	991
3841	130	991	990
3842	130	990	989
3843	130	989	988
3844	130	988	987
3845	130	987	986
3846	130	986	985
3847	130	985	984
3848	130	984	983
3849	130	983	982
3850	130	982	981
3851	130	981	980
3852	130	980	979
3853	130	979	978
3854	130	978	977
3855	130	977	976
3856	130	976	975
3857	130	975	974
3858	130	974	973
3859	130	973	972
3860	130	972	971
3861	130	971	970
3862	130	970	969
3863	130	969	968
3864	130	968	967
3865	130	967	966
3866	130	966	965
3867	130	965	964
3868	130	964	963
3869	130	963	962
3870	130	962	961